53604
37553
24472
17840
53207
17154
7655
57733
27413
19715
7076
52631
51794
16304
55405
64888
11126
21617
8096
45965
60658
8792
63080
16017
56370
64202
62872
44296
47969
23005
65429
1764
4902
41308
50322
58575
43275
40210
52144
60496
59021
46338
11632
44473
16615
57210
63006
8069
15184
17794
23948
57403
63040
36859
61123
3694
50071
12201
7848
54420
55843
56875
7706
19957
51372
36304
21230
41349
35401
759
28163
45353
18637
9933
39701
34278
44952
37311
35827
22081
50834
57200
56305
10648
19337
42808
25701
23563
25830
50957
63480
45202
58666
25506
43710
58550
36818
13238
22656
28934
24431
32301
48150
1293
32654
34600
53712
31732
58381
59281
52855
16786
22680
41356
1082
3474
55083
25147
10651
17680
35008
48012
39896
26977
14719
44690
6457
36496
18033
23908
47022
39911
14269
27188
25691
61127
50345
27882
20539
6735
59236
2353
22629
53095
50007
55472
44233
15987
23122
24730
57767
26876
41253
15052
54781
11290
17323
4608
48835
15905
63705
59863
31608
49755
25078
51102
38701
27973
8658
21299
61846
55928
50057
39261
41104
44121
41047
9654
50049
15269
50074
8936
35303
3082
44976
51252
54596
22921
20368
52090
38534
62051
38218
54175
14471
10612
40307
32803
11896
5892
22871
52382
42512
6284
64910
43433
44242
44364
54956
9442
1359
29558
55972
30535
57342
21264
53452
41117
35458
24122
19784
45035
33541
52428
58475
39123
47920
53610
57411
7090
62048
4717
46036
14190
6164
61379
17672
16330
33265
45585
42482
46682
17080
28117
49327
38649
9473
6241
60404
57094
13388
45937
2809
43370
35971
57458
18121
33796
33414
54486
12862
26245
31476
59193
13039
29384
48786
32752
55397
60396
53385
33033
46661
26520
45404
32794
50743
29937
48541
55731
2281
57921
38845
35123
25523
34316
40050
14891
46927
22064
34909
37116
7464
34863
11980
43216
43283
5342
56391
7176
7756
61444
24315
7112
44349
32215
51846
35266
5515
48489
12101
16125
51695
29615
26182
39236
58183
38840
13786
41390
37568
53678
54872
5893
12739
2995
57022
63919
13866
41510
60426
57760
62449
30752
45137
3251
51173
8588
14004
14902
45671
1649
64089
47704
35588
12005
20598
41772
24355
42233
43715
37818
42030
42537
26610
26185
8683
22674
32386
26567
43349
17799
64018
14706
12402
25530
26669
11687
63928
10959
17953
24457
20113
45440
53586
49382
42524
43627
17858
4405
1069
43725
20129
62770
63099
15754
55688
61321
61365
7391
31323
41441
18344
35215
27204
49371
56627
8202
60334
26521
4250
3801
30286
48702
29551
65033
44267
7344
23640
57699
24913
18033
22939
61305
9660
65346
60107
59886
25699
57656
45441
10321
10693
1536
30692
37541
43901
7265
41778
4952
48991
60212
24017
28265
33935
61958
32932
52490
15691
55177
58438
24130
965
5563
47308
58974
37274
58497
5125
62617
42945
48311
27420
14419
57118
2240
54063
23096
22487
13107
60776
6479
8733
25220
25600
50496
36239
55173
65450
38306
14384
16112
7444
42623
39430
57782
47654
25797
31340
44819
22345
3555
48866
46237
31698
13594
5197
62907
6863
27380
16889
21420
16411
36940
25861
39821
2594
47759
47587
65298
52330
2719
1046
33012
26321
26440
37131
58837
5868
42933
30067
55242
53608
40497
9230
21490
8590
24498
13424
35050
37608
40435
61279
49363
17730
30645
32857
11255
54145
37479
63370
43132
37592
61712
16487
25104
8095
58157
63142
10325
32793
43717
26734
5706
357
30688
57506
61050
37108
61716
33412
57609
16941
22764
65440
10464
3542
8005
25966
36265
40116
16433
16513
51143
8586
42972
43677
35862
17909
8412
18249
38214
59964
20458
10754
59944
47080
27196
35353
23021
8822
43574
40207
19187
38563
52587
191
33979
2096
59235
36246
13424
23956
39447
60995
37618
4439
57422
57459
62985
49107
23243
59608
49804
52817
55375
40743
23821
19388
13681
35860
28737
5234
54558
7881
26126
61270
47359
12400
57472
11109
37488
17926
7324
28732
11649
39516
6330
16875
1961
32524
58627
50944
12268
53867
56539
57241
11812
54669
32220
37704
24442
16232
56039
25165
14066
56392
8609
35605
9836
43620
36097
55193
42782
14533
21159
56573
13437
3053
24662
43880
57789
7963
1559
64065
5474
57628
15809
46710
32621
39689
5325
8967
27158
20007
42769
12423
29454
16043
4928
23594
45021
33681
14918
60259
25532
45714
62419
11100
11320
45623
37440
1271
54388
44562
8496
37781
35120
22993
10916
61509
43484
4608
4245
20743
59835
58534
8944
19934
24337
15167
42537
16664
49690
21119
31506
36380
49806
9681
10190
14348
35947
11304
43507
49260
25705
42056
58615
17261
34283
6151
15554
17464
63384
49872
11396
32093
64901
12172
33783
18783
51188
26671
41896
8783
24754
42128
12641
12100
3864
27251
37716
36837
8145
23778
12461
56024
25205
38947
19379
12523
46957
59800
62008
3374
44314
43575
20393
8100
43049
42713
54818
40326
10262
44586
38007
29931
60215
57418
25584
15060
35960
15073
50129
53217
32150
36167
33076
551
19013
44614
6442
40723
61575
38791
59392
51344
59384
50371
9462
6514
35303
42481
46128
28758
52822
5901
31521
41582
25446
5282
64696
664
44210
28134
5122
35347
9164
6784
5266
36793
20971
26293
61829
46864
25011
7118
15605
2602
20153
38710
27741
52695
31613
53415
18666
26739
63006
14737
26469
54644
46178
13638
61557
23697
22789
28055
35223
12199
45786
12681
22495
55292
43630
18181
35122
63331
4294
33826
40404
25858
4519
13301
34036
32214
35352
50501
6500
5948
20598
49648
25239
43893
31454
17381
20262
30277
52027
27458
11224
32722
51694
6078
35582
20231
29022
57730
28098
51238
4513
446
31295
51512
48289
15726
45083
27098
54343
39831
6207
30693
32282
38801
13570
19323
52821
59003
48528
23840
30715
53329
21313
64470
1140
32863
10334
561
54118
47449
59347
46145
65508
42546
58045
55001
23021
25988
36247
14392
51178
45301
33260
912
64138
8116
33866
25051
35641
60060
55231
48075
35360
27706
29228
57336
39040
28445
21951
59056
57310
33733
30185
51109
14752
19750
36799
42432
26123
59898
20666
8353
16682
16716
491
55914
63513
7449
51919
33008
40486
13753
64647
19591
28419
57189
54891
8567
5703
10150
56819
32045
36187
17975
24661
37512
23304
13099
37280
33387
5253
36314
11906
23715
2660
19757
41231
33219
44291
44204
43020
